 0.000000044903483588948752          
 0.000000045786991594409267          
 0.00000004983401590658832           
 0.00000005688711180972381           
 0.000000066794271643263408          
 0.00000007940744488028361           
 0.000000094580978306517525          
 0.00000011216997670041191           
 0.00000013202858447217436           
 0.00000015400818878301494           
 0.00000017795554473301686           
 0.00000020371082327721274           
 0.00000023110558260693905           
 0.00000025996066381782458           
 0.00000029008401176748714           
 0.00000032126842212908751           
 0.00000035328921573436282           
 0.00000038590184141561132           
 0.00000041883940865770254           
 0.00000045181015149492102           
 0.00000048449482520559888           
 0.00000051654403748807089           
 0.00000054757551593599297           
 0.0000005771713137741722            
 0.00000060487495595234986           
 0.00000063018852786726106           
 0.00000065256970911242258           
 0.00000067142875484934297           
 0.00000068612542753345743           
 0.00000069596588192547211           
 0.00000070019950647887473           
 0.00000069801572438790297           
 0.00000068854075776305661           
 0.00000067083435859029918           
 0.00000064388651032071153           
 0.00000060661410415512049           
 0.00000055785759423985093           
 0.00000049637763625764773           
 0.00000042085171402849184           
 0.00000032987075900391787           
 0.00000022193576768883759           
 0.00000009545442226729256           
-0.000000051262280108816333          
-0.00000022000338370703352           
-0.00000041266131040217747           
-0.00000063123516959939755           
-0.00000087783403566663038           
-0.0000011546801863680761            
-0.0000014641122957412465            
-0.0000018085885745340875            
-0.0000021906898512736672            
-0.0000026131225867713942            
-0.000003078721814773541             
-0.0000035904540012891568            
-0.000004151419814982813             
-0.0000047648568008730943            
-0.0000054341419495484672            
-0.0000061627941537926983            
-0.0000069544765447048988            
-0.000007812998698999629             
-0.0000087423187093801951            
-0.0000097465451095896415            
-0.00001082993864586226              
-0.000011996913886376724             
-0.000013252040660309923             
-0.000014600045318135137             
-0.00001604581180480839              
-0.000017594382537392237             
-0.000019250959079064302             
-0.000021020902601027785             
-0.000022909734124466055             
-0.000024923134534322642             
-0.000027066944357181295             
-0.000029347163295430955             
-0.000031769949510176234             
-0.000034341618645532421             
-0.000037068642587211141             
-0.000039957647948221889             
-0.000043015414275446624             
-0.000046248871970168225             
-0.000049665099916933383             
-0.000053271322814544964             
-0.000057074908204037667             
-0.0000610833631883283               
-0.000065304330838900367             
-0.000069745586285224488             
-0.00007441503248291726              
-0.000079320695657121012             
-0.000084470720418426353             
-0.000089873364548131928             
-0.000095536993451572933             
-0.00010147007427723153              
-0.00010768116970120512              
-0.0001141789313761085               
-0.00012097209304481353              
-0.00012806946331934868              
-0.00013547991812663747              
-0.00014321239282235175              
-0.000151275873975869                
-0.00015967939082893679              
-0.00016843200643221307              
-0.00017754280846339905              
-0.00018702089973271369              
-0.00019687538838061161              
-0.00020711537777460249              
-0.00021774995611176197              
-0.00022878818573493135              
-0.00024023909217036628              
-0.00025211165289651529              
-0.00026441478585288318              
-0.00027715733769982908              
-0.00029034807183972059              
-0.00030399565621183372              
-0.00031810865087229643              
-0.00033269549537291899              
-0.00034776449595182786              
-0.00036332381255041365              
-0.00037938144567106394              
-0.00039594522309162322              
-0.00041302278645172349              
-0.00043062157772827278              
-0.00044874882561661778              
-0.00046741153183551051              
-0.00048661645737312136              
-0.00050637010869383791              
-0.00052667872392377405              
-0.00054754825903531904              
-0.00056898437404975897              
-0.00059099241927946188              
-0.00061357742162864001              
-0.00063674407097517199              
-0.00066049670665346177              
-0.00068483930406106031              
-0.00070977546140906878              
-0.00073530838664035369              
-0.00076144088453559565              
-0.00078817534403078911              
-0.00081551372576762549              
-0.00084345754989982775              
-0.00087200788417647807              
-0.00090116533232640272              
-0.0009309300227641513               
-0.00096130159764092039              
-0.00099227920226116159              
-0.0010238614748884936               
-0.0010560465369600107               
-0.0010888319837325403               
-0.0011222148753804026               
-0.0011561917285657967               
-0.0011907585085016309               
-0.0012259106215276715               
-0.0012616429082175308               
-0.0012979496370369061               
-0.0013348244985703233               
-0.001372260600334944                
-0.0014102504621966645               
-0.00144878601240744                 
-0.0014878585842770318               
-0.001527458913495745                
-0.0015675771361206474               
-0.0016082027872411822               
-0.0016493248003330242               
-0.0016909315073151843               
-0.0017330106393184204               
-0.0017755493281772035               
-0.0018185341086503074               
-0.0018619509213825707               
-0.001905785116610072                
-0.0019500214586172734               
-0.001994644130949528                
-0.0020396367423854886               
-0.0020849823336695555               
-0.0021306633850092728               
-0.0021766618243342201               
-0.0022229590363183802               
-0.0022695358721610132               
-0.0023163726601261748               
-0.0023634492168323118               
-0.0024107448592904143               
-0.0024582384176800292               
-0.0025059082488586596               
-0.0025537322505920206               
-0.0026016878764976493               
-0.0026497521516877401               
-0.0026979016891005353               
-0.0027461127065046978               
-0.0027943610441633631               
-0.0028426221831390425               
-0.0028908712642255092               
-0.0029390831074847059               
-0.0029872322323723356               
-0.0030352928784282149               
-0.0030832390265141717               
-0.0031310444205714934               
-0.0031786825898798732               
-0.0032261268717882949               
-0.0032733504348969305               
-0.0033203263026597429               
-0.00336702737738393                 
-0.0034134264645954934               
-0.003459496297744274                
-0.0035052095632175429               
-0.0035505389256336025               
-0.0035954570533816722               
-0.0036399366443808862               
-0.0036839504520220969               
-0.0037274713112638133               
-0.0037704721648453578               
-0.0038129260895894928               
-0.0038548063227537869               
-0.0038960862884040702               
-0.003936739623769143                
-0.003976740205548817                
-0.0040160621761338175               
-0.0040546799697102499               
-0.0040925683382070253               
-0.0041297023770576809               
-0.0041660575507371355               
-0.0042016097180428494               
-0.0042363351570835518               
-0.004270210589943816                
-0.0043032132069873354               
-0.0043353206907715191               
-0.0043665112395333775               
-0.0043967635902209803               
-0.0044260570410333674               
-0.0044543714734414305               
-0.0044816873736569481               
-0.0045079858535214297               
-0.0045332486707820854               
-0.0045574582487331811               
-0.0045805976951867168               
-0.0046026508207534485               
-0.0046236021564019176               
-0.0046434369702766662               
-0.0046621412837464932               
-0.0046797018866642131               
-0.004696106351811744                
-0.0047113430485154909               
-0.0047254011554072814               
-0.0047382706723167068               
-0.004749942431273288                
-0.0047604081066094702               
-0.004769660224142042                
-0.0047776921694258241               
-0.0047844981950620723               
-0.0047900734270561818               
-0.0047944138702105399               
-0.0047975164125497747               
-0.0047993788287670203               
 0.99519995494464208                 
-0.0047993788287670203               
-0.0047975164125497747               
-0.0047944138702105399               
-0.0047900734270561818               
-0.0047844981950620723               
-0.0047776921694258241               
-0.004769660224142042                
-0.0047604081066094702               
-0.004749942431273288                
-0.0047382706723167068               
-0.0047254011554072814               
-0.00471134304851549                 
-0.004696106351811744                
-0.0046797018866642139               
-0.0046621412837464932               
-0.0046434369702766662               
-0.0046236021564019176               
-0.0046026508207534476               
-0.0045805976951867168               
-0.004557458248733182                
-0.0045332486707820854               
-0.0045079858535214297               
-0.004481687373656949                
-0.0044543714734414305               
-0.0044260570410333674               
-0.0043967635902209803               
-0.0043665112395333766               
-0.0043353206907715209               
-0.0043032132069873363               
-0.0042702105899438151               
-0.0042363351570835527               
-0.0042016097180428511               
-0.0041660575507371355               
-0.0041297023770576809               
-0.0040925683382070253               
-0.004054679969710249                
-0.0040160621761338184               
-0.0039767402055488179               
-0.0039367396237691421               
-0.0038960862884040706               
-0.0038548063227537874               
-0.0038129260895894928               
-0.0037704721648453591               
-0.0037274713112638146               
-0.0036839504520220965               
-0.0036399366443808862               
-0.003595457053381673                
-0.0035505389256336008               
-0.0035052095632175442               
-0.0034594962977442748               
-0.0034134264645954929               
-0.0033670273773839308               
-0.0033203263026597442               
-0.0032733504348969309               
-0.0032261268717882954               
-0.0031786825898798749               
-0.0031310444205714921               
-0.0030832390265141726               
-0.0030352928784282149               
-0.0029872322323723347               
-0.0029390831074847064               
-0.0028908712642255101               
-0.0028426221831390421               
-0.0027943610441633657               
-0.0027461127065046987               
-0.0026979016891005348               
-0.0026497521516877405               
-0.0026016878764976493               
-0.0025537322505920202               
-0.0025059082488586588               
-0.0024582384176800309               
-0.0024107448592904143               
-0.0023634492168323126               
-0.0023163726601261769               
-0.002269535872161014                
-0.0022229590363183811               
-0.002176661824334221                
-0.002130663385009275                
-0.0020849823336695551               
-0.0020396367423854908               
-0.0019946441309495284               
-0.0019500214586172712               
-0.0019057851166100724               
-0.0018619509213825703               
-0.0018185341086503078               
-0.0017755493281772037               
-0.0017330106393184223               
-0.0016909315073151837               
-0.001649324800333026                
-0.0016082027872411822               
-0.0015675771361206481               
-0.001527458913495745                
-0.0014878585842770325               
-0.00144878601240744                 
-0.001410250462196664                
-0.0013722606003349449               
-0.0013348244985703227               
-0.0012979496370369068               
-0.0012616429082175319               
-0.001225910621527672                
-0.0011907585085016309               
-0.0011561917285657984               
-0.0011222148753804023               
-0.0010888319837325398               
-0.001056046536960012                
-0.0010238614748884929               
-0.00099227920226116224              
-0.00096130159764092104              
-0.00093093002276415163              
-0.00090116533232640305              
-0.00087200788417647948              
-0.00084345754989982743              
-0.00081551372576762462              
-0.00078817534403078987              
-0.00076144088453559511              
-0.00073530838664035401              
-0.00070977546140906899              
-0.00068483930406106031              
-0.00066049670665346166              
-0.00063674407097517307              
-0.0006135774216286398               
-0.00059099241927946242              
-0.0005689843740497594               
-0.00054754825903531828              
-0.00052667872392377438              
-0.00050637010869383824              
-0.00048661645737312136              
-0.00046741153183551041              
-0.00044874882561661837              
-0.00043062157772827251              
-0.00041302278645172387              
-0.00039594522309162371              
-0.0003793814456710641               
-0.00036332381255041365              
-0.00034776449595182781              
-0.00033269549537291899              
-0.00031810865087229638              
-0.00030399565621183427              
-0.00029034807183972027              
-0.0002771573376998293               
-0.00026441478585288351              
-0.00025211165289651551              
-0.00024023909217036634              
-0.00022878818573493183              
-0.00021774995611176186              
-0.00020711537777460228              
-0.00019687538838061199              
-0.00018702089973271344              
-0.00017754280846339916              
-0.0001684320064322131               
-0.00015967939082893681              
-0.00015127587397586897              
-0.00014321239282235208              
-0.00013547991812663744              
-0.00012806946331934887              
-0.00012097209304481371              
-0.00011417893137610836              
-0.00010768116970120516              
-0.00010147007427723161              
-0.000095536993451572988             
-0.000089873364548131887             
-0.000084470720418426597             
-0.000079320695657120944             
-0.000074415032482917355             
-0.000069745586285224623             
-0.000065304330838900218             
-0.0000610833631883283               
-0.000057074908204037728             
-0.000053271322814544944             
-0.000049665099916933315             
-0.000046248871970168239             
-0.000043015414275446596             
-0.000039957647948221943             
-0.000037068642587211202             
-0.000034341618645532468             
-0.000031769949510176248             
-0.000029347163295430948             
-0.000027066944357181265             
-0.000024923134534322588             
-0.000022909734124466055             
-0.000021020902601027752             
-0.000019250959079064316             
-0.000017594382537392264             
-0.000016045811804808407             
-0.000014600045318135152             
-0.000013252040660309966             
-0.000011996913886376717             
-0.000010829938645862221             
-0.0000097465451095896567            
-0.000008742318709380168             
-0.0000078129986989996392            
-0.0000069544765447049031            
-0.0000061627941537927127            
-0.0000054341419495484663            
-0.000004764856800873096             
-0.0000041514198149828096            
-0.0000035904540012891632            
-0.0000030787218147735444            
-0.0000026131225867713861            
-0.0000021906898512736676            
-0.0000018085885745340903            
-0.0000014641122957412486            
-0.0000011546801863680799            
-0.00000087783403566663229           
-0.00000063123516959939744           
-0.00000041266131040217646           
-0.00000022000338370703415           
-0.000000051262280108816486          
 0.000000095454422267292481          
 0.00000022193576768883722           
 0.00000032987075900391904           
 0.00000042085171402849465           
 0.00000049637763625764816           
 0.00000055785759423985009           
 0.00000060661410415512303           
 0.00000064388651032069808           
 0.0000006708343585902942            
 0.00000068854075776306614           
 0.00000069801572438790975           
 0.00000070019950647888246           
 0.00000069596588192546851           
 0.00000068612542753346505           
 0.00000067142875484934487           
 0.00000065256970911242311           
 0.00000063018852786724274           
 0.00000060487495595233864           
 0.00000057717131377417284           
 0.00000054757551593599583           
 0.00000051654403748808635           
 0.00000048449482520560586           
 0.000000451810151494917             
 0.00000041883940865769422           
 0.00000038590184141562508           
 0.00000035328921573434503           
 0.0000003212684221290774            
 0.00000029008401176745585           
 0.00000025996066381781579           
 0.00000023110558260694206           
 0.00000020371082327720552           
 0.00000017795554473303906           
 0.00000015400818878300952           
 0.00000013202858447217325           
 0.00000011216997670040851           
 0.000000094580978306519841          
 0.00000007940744488028361           
 0.00000006679427164326583           
 0.000000056887111809725041          
 0.000000049834015906590821          
 0.000000045786991594409267          
 0.000000044903483588948752